hints = 1
  sec Cur ops   started  finished  avg MB/s  cur MB/s last lat(s)  avg lat(s)
    0       0         0         0         0         0           -           0
    1      15       634       619   2475.16      2476    0.020362   0.0249006
    2      16      1286      1270   2539.35      2604   0.0243369   0.0244811
    3      16      1916      1900   2532.77      2520   0.0173788   0.0245461
    4      15      2530      2515   2514.26      2460  0.00886927    0.024775
    5      15      3196      3181   2543.78      2664   0.0253315   0.0245028
    6      16      3845      3829   2551.73      2592   0.0101979   0.0244365
    7      16      4467      4451   2542.53      2488   0.0334658   0.0245392
    8      16      5058      5042   2520.13      2364   0.0160098   0.0247523
    9      15      5708      5693   2529.17      2604   0.0312322   0.0246823
   10      16      6349      6333   2531.79      2560   0.0173937   0.0246513
   11      16      6959      6943   2523.41      2440   0.0151117   0.0247424
   12      16      7588      7572   2522.76      2516   0.0104049   0.0247481
   13      16      8176      8160    2509.6      2352   0.0243177   0.0248888
   14      16      8760      8744   2497.17      2336   0.0266374   0.0250122
   15      15      9348      9333   2487.56      2356  0.00847225   0.0251058
   16      15      9921      9906   2475.25      2292   0.0434678    0.025225
   17      15     10491     10476   2463.71      2280   0.0135541   0.0253402
   18      15     11034     11019   2447.49      2172   0.0260909   0.0254862
   19      16     11589     11573   2435.23      2216   0.0339268   0.0256326
2026-06-04T03:27:41.748271+0000 min lat: 0.00307787 max lat: 0.0810014 avg lat: 0.0256572
  sec Cur ops   started  finished  avg MB/s  cur MB/s last lat(s)  avg lat(s)
   20       8     12183     12175   2433.84      2408   0.0186619   0.0256572
Total time run:       20.0271
Total reads made:     12183
Read size:            4194304
Object size:          4194304
Bandwidth (MB/sec):   2433.31
Average IOPS:         608
Stddev IOPS:          34.3678
Max IOPS:             666
Min IOPS:             543
Average Latency(s):   0.0256571
Max latency(s):       0.0810014
Min latency(s):       0.00307787
