hints = 1
  sec Cur ops   started  finished  avg MB/s  cur MB/s last lat(s)  avg lat(s)
    0       0         0         0         0         0           -           0
    1       1       187       186   743.773       744   0.0035304  0.00501622
    2       0       372       372   743.731       744  0.00484836  0.00502009
    3       1       560       559   745.114       748  0.00523309  0.00500025
    4       1       749       748   747.802       756  0.00298809  0.00498686
    5       0       938       938   750.165       760  0.00510224  0.00497054
    6       1      1131      1130   753.118       768  0.00504456  0.00494667
    7       1      1314      1313   750.085       732  0.00466469  0.00496935
    8       1      1508      1507   753.308       776  0.00485042  0.00494734
    9       1      1693      1692   751.819       740  0.00502818  0.00495877
   10       1      1880      1879   751.417       748  0.00502902  0.00496067
   11       1      2062      2061   749.269       728  0.00539873  0.00497371
   12       1      2245      2244   747.821       732  0.00506311  0.00498468
   13       1      2430      2429   747.209       740  0.00248789  0.00498883
   14       1      2616      2615   746.972       744  0.00487176  0.00499117
   15       1      2801      2800   746.499       740  0.00471878  0.00499442
   16       1      2987      2986   746.335       744  0.00447907  0.00499621
   17       1      3145      3144   739.601       632  0.00517027   0.0049976
   18       1      3154      3153   700.513        36  0.00524371  0.00534612
   19       1      3333      3332   701.323       716  0.00528906  0.00534008
Total time run:       20.0023
Total reads made:     3510
Read size:            4194304
Object size:          4194304
Bandwidth (MB/sec):   701.921
Average IOPS:         175
Stddev IOPS:          40.946
Max IOPS:             194
Min IOPS:             9
Average Latency(s):   0.00533477
Max latency(s):       1.1016
Min latency(s):       0.00243501
