hints = 1
  sec Cur ops   started  finished  avg MB/s  cur MB/s last lat(s)  avg lat(s)
    0       0         0         0         0         0           -           0
    1       1       175       174   695.824       696  0.00504341  0.00537655
    2       1       370       369   737.825       780   0.0046149  0.00504851
    3       1       567       566   754.511       788  0.00498713  0.00493627
    4       1       759       758   757.853       768  0.00495099  0.00491666
    5       1       953       952   761.458       776  0.00393419  0.00489744
    6       1      1146      1145     763.2       772   0.0048787  0.00488579
    7       1      1350      1349   770.725       816   0.0027779  0.00483461
    8       1      1552      1551   775.373       808  0.00503036  0.00480565
    9       1      1747      1746   775.874       780  0.00515698  0.00480098
   10       1      1936      1935   773.869       756  0.00460688  0.00481199
   11       1      2135      2134   775.871       796  0.00475799    0.004802
   12       1      2334      2333   777.538       796  0.00461197  0.00478989
   13       1      2531      2530   778.334       788  0.00496583  0.00478417
   14       1      2734      2733   780.731       812  0.00514418  0.00476924
   15       0      2926      2926   780.122       772  0.00719447  0.00477417
   16       1      3124      3123   780.604       788   0.0026701  0.00477094
   17       1      3319      3318   780.558       780  0.00545465  0.00477036
   18       1      3528      3527   783.626       836   0.0037894  0.00475097
   19       1      3729      3728   784.692       804   0.0039944  0.00474439
2026-06-04T03:21:24.580339+0000 min lat: 0.00232546 max lat: 0.0183065 avg lat: 0.00473332
  sec Cur ops   started  finished  avg MB/s  cur MB/s last lat(s)  avg lat(s)
   20       1      3934      3933   786.452       820  0.00482878  0.00473332
Total time run:       20.0046
Total reads made:     3934
Read size:            4194304
Object size:          4194304
Bandwidth (MB/sec):   786.618
Average IOPS:         196
Stddev IOPS:          7.29293
Max IOPS:             209
Min IOPS:             174
Average Latency(s):   0.00473346
Max latency(s):       0.0183065
Min latency(s):       0.00232546
