hints = 1
  sec Cur ops   started  finished  avg MB/s  cur MB/s last lat(s)  avg lat(s)
    0       0         0         0         0         0           -           0
    1      16       368       352   1406.82      1408   0.0472885   0.0441677
    2      16       717       701   1401.31      1396   0.0421761   0.0446363
    3      16      1078      1062   1415.45      1444   0.0466698   0.0443837
    4      16      1443      1427   1426.54      1460   0.0427561   0.0441938
    5      16      1805      1789   1430.67      1448   0.0468031   0.0440883
    6      16      2164      2148   1431.48      1436   0.0439204   0.0441055
    7      16      2528      2512   1434.95      1456   0.0541085   0.0440267
    8      16      2900      2884   1441.55      1488   0.0546452   0.0438244
    9      16      3272      3256   1446.38      1488   0.0468606   0.0436995
   10      15      3635      3620   1447.27      1456    0.041358   0.0436902
   11      15      4005      3990    1450.2      1480   0.0427249   0.0436271
   12      15      4368      4353   1450.29      1452   0.0247225   0.0436131
   13      16      4742      4726   1453.47      1492   0.0226178   0.0435171
   14      16      5112      5096   1455.35      1480   0.0194907   0.0434677
   15      16      5473      5457   1454.58      1444     0.02952   0.0435021
   16      16      5838      5822    1454.9      1460   0.0460718   0.0434925
   17      15      6204      6189   1455.62      1468    0.037426   0.0434815
   18      16      6561      6545    1453.8      1424   0.0458301   0.0435325
   19      16      6920      6904   1452.85      1436   0.0496575   0.0435664
2026-06-04T03:22:12.889785+0000 min lat: 0.00302001 max lat: 0.0728881 avg lat: 0.0435833
  sec Cur ops   started  finished  avg MB/s  cur MB/s last lat(s)  avg lat(s)
   20      13      7278      7265   1452.39      1444   0.0460862   0.0435833
Total time run:       20.0444
Total reads made:     7278
Read size:            4194304
Object size:          4194304
Bandwidth (MB/sec):   1452.38
Average IOPS:         363
Stddev IOPS:          6.4716
Max IOPS:             373
Min IOPS:             349
Average Latency(s):   0.0435893
Max latency(s):       0.0728881
Min latency(s):       0.00302001
